image_width: 320
image_height: 240
camera_name: narrow_stereo
camera_matrix:
  rows: 3
  cols: 3
  data: [179.550710, 0.000000, 137.362888, 0.000000, 180.171588, 110.736572, 0.000000, 0.000000, 1.000000]
distortion_model: plumb_bob
distortion_coefficients:
  rows: 1
  cols: 5
  data: [-0.304747, 0.063068, -0.000910, 0.008682, 0.000000]
rectification_matrix:
  rows: 3
  cols: 3
  data: [1.000000, 0.000000, 0.000000, 0.000000, 1.000000, 0.000000, 0.000000, 0.000000, 1.000000]
projection_matrix:
  rows: 3
  cols: 4
  data: [126.433784, 0.000000, 137.245592, 0.000000, 0.000000, 147.651718, 105.420280, 0.000000, 0.000000, 0.000000, 1.000000, 0.000000]
